>> lastgeneration = ga(35,15,5,0.01,50)

Population =

     7     3
     1     3
     7     4
     5     7
     9     1
     6     2
    10     6
     6     4
    10     2
     4     7
     8    10
    10     4
     3     5
     4    10
     9     1
     3     6
     5     7
     8     6
     5     6
     9     1
     3     3
     8     1
     3    10
     4     8
     1    10
     5     7
     7     3
     8     9
     4     1
     7    10
     4     6
     3     7
     6     3
     7     9
     4     4

Iteration 1 
___________
Current best (6,3) with weight=1.725229e+002

Parents =

    9.0000    1.0000  238.4096
    9.0000    1.0000  238.4096
    9.0000    1.0000  238.4096
    4.0000    6.0000  234.1724
    5.0000    6.0000  229.5562
    3.0000    5.0000  214.7243
    8.0000    1.0000  214.3457
    4.0000    1.0000  197.5657
    7.0000    4.0000  196.6674
    6.0000    4.0000  193.2794
    3.0000    3.0000  181.9945
    4.0000    4.0000  179.1698
    7.0000    3.0000  178.2436
    7.0000    3.0000  178.2436
    6.0000    2.0000  174.1430
    6.0000    3.0000  172.5229


Survivors =

    1.0000    3.0000  258.8336
   10.0000    4.0000  258.1768
   10.0000    2.0000  254.4226
    8.0000    6.0000  249.5507
    3.0000    6.0000  248.5757
    9.0000    1.0000  238.4096


Children =

    9.0000    6.0000  270.2957
    9.0000    1.0000  238.4096
    9.0000    1.0000  238.4096
    6.0000    1.0000  192.2433
    5.0000    1.0000  190.9277
    9.0000    3.0000  208.7871
    9.0000    1.0000  238.4096
    9.0000    1.0000  238.4096
    9.0000    1.0000  238.4096
    9.0000    1.0000  238.4096
    9.0000    1.0000  238.4096
    7.0000    5.0000  209.3910
    9.0000    1.0000  238.4096
    9.0000    6.0000  270.2957
    9.0000    1.0000  238.4096

Iteration 2 
___________
Current best (6,3) with weight=1.725229e+002

Parents =

    5.0000    6.0000  229.5562
    3.0000    5.0000  214.7243
    8.0000    1.0000  214.3457
    7.0000    5.0000  209.3910
    9.0000    3.0000  208.7871
    4.0000    1.0000  197.5657
    7.0000    4.0000  196.6674
    6.0000    4.0000  193.2794
    6.0000    1.0000  192.2433
    5.0000    1.0000  190.9277
    3.0000    3.0000  181.9945
    4.0000    4.0000  179.1698
    7.0000    3.0000  178.2436
    7.0000    3.0000  178.2436
    6.0000    2.0000  174.1430
    6.0000    3.0000  172.5229


Survivors =

    9.0000    1.0000  238.4096
    9.0000    1.0000  238.4096
    9.0000    1.0000  238.4096
    9.0000    1.0000  238.4096
    4.0000    6.0000  234.1724
    5.0000    6.0000  229.5562


Children =

    5.0000    5.0000  200.3717
    3.0000    6.0000  248.5757
    6.0000    5.0000  204.2584
    3.0000    1.0000  214.1816
    5.0000    1.0000  190.9277
    8.0000    5.0000  218.5068
    3.0000    6.0000  248.5757
    9.0000    6.0000  270.2957
    3.0000    6.0000  248.5757
    8.0000    5.0000  218.5068
    9.0000    5.0000  238.9097
    5.0000    1.0000  190.9277
    3.0000    6.0000  248.5757
    6.0000    6.0000  231.5297
    7.0000    3.0000  178.2436

Iteration 3 
___________
Current best (6,3) with weight=1.725229e+002

Parents =

    6.0000    5.0000  204.2584
    5.0000    5.0000  200.3717
    4.0000    1.0000  197.5657
    7.0000    4.0000  196.6674
    6.0000    4.0000  193.2794
    6.0000    1.0000  192.2433
    5.0000    1.0000  190.9277
    5.0000    1.0000  190.9277
    5.0000    1.0000  190.9277
    3.0000    3.0000  181.9945
    4.0000    4.0000  179.1698
    7.0000    3.0000  178.2436
    7.0000    3.0000  178.2436
    7.0000    3.0000  178.2436
    6.0000    2.0000  174.1430
    6.0000    3.0000  172.5229


Survivors =

    3.0000    5.0000  214.7243
    8.0000    1.0000  214.3457
    3.0000    1.0000  214.1816
    7.0000    5.0000  209.3910
    9.0000    3.0000  208.7871
    6.0000    5.0000  204.2584


Children =

    6.0000    5.0000  204.2584
    6.0000    5.0000  204.2584
    7.0000    5.0000  209.3910
    5.0000    1.0000  190.9277
    4.0000    5.0000  201.1111
    5.0000    1.0000  190.9277
    7.0000    5.0000  209.3910
    5.0000    5.0000  200.3717
    6.0000    1.0000  192.2433
    4.0000    5.0000  201.1111
    4.0000    1.0000  197.5657
    5.0000    4.0000  186.8445
    5.0000    5.0000  200.3717
    6.0000    1.0000  192.2433
    5.0000    4.0000  186.8445

Iteration 4 
___________
Current best (6,3) with weight=1.725229e+002

Parents =

    6.0000    1.0000  192.2433
    6.0000    1.0000  192.2433
    5.0000    1.0000  190.9277
    5.0000    1.0000  190.9277
    5.0000    1.0000  190.9277
    5.0000    1.0000  190.9277
    5.0000    1.0000  190.9277
    5.0000    4.0000  186.8445
    5.0000    4.0000  186.8445
    3.0000    3.0000  181.9945
    4.0000    4.0000  179.1698
    7.0000    3.0000  178.2436
    7.0000    3.0000  178.2436
    7.0000    3.0000  178.2436
    6.0000    2.0000  174.1430
    6.0000    3.0000  172.5229


Survivors =

    4.0000    1.0000  197.5657
    4.0000    1.0000  197.5657
    7.0000    4.0000  196.6674
    6.0000    4.0000  193.2794
    6.0000    1.0000  192.2433
    6.0000    1.0000  192.2433


Children =

    5.0000    4.0000  186.8445
    5.0000    4.0000  186.8445
    3.0000    1.0000  214.1816
    6.0000    1.0000  192.2433
    6.0000    1.0000  192.2433
    6.0000    1.0000  192.2433
    5.0000    4.0000  186.8445
    6.0000    1.0000  192.2433
    6.0000    1.0000  192.2433
    6.0000         0  223.4078
    6.0000    1.0000  192.2433
    5.0000    1.0000  190.9277
    7.0000    1.0000  199.5111
    6.0000    1.0000  192.2433
    5.0000    1.0000  190.9277

Iteration 5 
___________
Current best (6,3) with weight=1.725229e+002

Parents =

    5.0000    1.0000  190.9277
    5.0000    1.0000  190.9277
    5.0000    1.0000  190.9277
    5.0000    1.0000  190.9277
    5.0000    4.0000  186.8445
    5.0000    4.0000  186.8445
    5.0000    4.0000  186.8445
    5.0000    4.0000  186.8445
    5.0000    4.0000  186.8445
    3.0000    3.0000  181.9945
    4.0000    4.0000  179.1698
    7.0000    3.0000  178.2436
    7.0000    3.0000  178.2436
    7.0000    3.0000  178.2436
    6.0000    2.0000  174.1430
    6.0000    3.0000  172.5229


Survivors =

    6.0000    1.0000  192.2433
    6.0000    1.0000  192.2433
    5.0000    1.0000  190.9277
    5.0000    1.0000  190.9277
    5.0000    1.0000  190.9277
    5.0000    1.0000  190.9277


Children =

    5.0000    1.0000  190.9277
    5.0000    1.0000  190.9277
    5.0000    4.0000  186.8445
    5.0000    4.0000  186.8445
    5.0000    1.0000  190.9277
    5.0000    1.0000  190.9277
    5.0000    1.0000  190.9277
    5.0000    1.0000  190.9277
    5.0000    1.0000  190.9277
    6.0000    1.0000  192.2433
    5.0000    1.0000  190.9277
    5.0000    1.0000  190.9277
    5.0000    1.0000  190.9277
    5.0000    1.0000  190.9277
    5.0000    4.0000  186.8445

Iteration 6 
___________
Current best (6,3) with weight=1.725229e+002

Parents =

    5.0000    1.0000  190.9277
    5.0000    4.0000  186.8445
    5.0000    4.0000  186.8445
    5.0000    4.0000  186.8445
    5.0000    4.0000  186.8445
    5.0000    4.0000  186.8445
    5.0000    4.0000  186.8445
    5.0000    4.0000  186.8445
    5.0000    4.0000  186.8445
    3.0000    3.0000  181.9945
    4.0000    4.0000  179.1698
    7.0000    3.0000  178.2436
    7.0000    3.0000  178.2436
    7.0000    3.0000  178.2436
    6.0000    2.0000  174.1430
    6.0000    3.0000  172.5229


Survivors =

    5.0000    1.0000  190.9277
    5.0000    1.0000  190.9277
    5.0000    1.0000  190.9277
    5.0000    1.0000  190.9277
    5.0000    1.0000  190.9277
    5.0000    1.0000  190.9277


Children =

    5.0000    2.0000  171.7524
    5.0000    3.0000  168.5228
    5.0000    4.0000  186.8445
    5.0000    4.0000  186.8445
    5.0000    1.0000  190.9277
    5.0000    1.0000  190.9277
    5.0000    1.0000  190.9277
    5.0000    4.0000  186.8445
    3.0000    1.0000  214.1816
    3.0000    1.0000  214.1816
    5.0000    4.0000  186.8445
    5.0000    4.0000  186.8445
    5.0000    4.0000  186.8445
    5.0000    4.0000  186.8445
    5.0000    4.0000  186.8445

Iteration 7 
___________
Current best (5,3) with weight=1.685228e+002

Parents =

    5.0000    4.0000  186.8445
    5.0000    4.0000  186.8445
    5.0000    4.0000  186.8445
    5.0000    4.0000  186.8445
    5.0000    4.0000  186.8445
    5.0000    4.0000  186.8445
    5.0000    4.0000  186.8445
    3.0000    3.0000  181.9945
    4.0000    4.0000  179.1698
    7.0000    3.0000  178.2436
    7.0000    3.0000  178.2436
    7.0000    3.0000  178.2436
    6.0000    2.0000  174.1430
    6.0000    3.0000  172.5229
    5.0000    2.0000  171.7524
    5.0000    3.0000  168.5228


Survivors =

    5.0000    4.0000  186.8445
    5.0000    4.0000  186.8445
    5.0000    4.0000  186.8445
    5.0000    4.0000  186.8445
    5.0000    4.0000  186.8445
    5.0000    4.0000  186.8445


Children =

    5.0000    3.0000  168.5228
    5.0000    4.0000  186.8445
    5.0000    4.0000  186.8445
    5.0000    4.0000  186.8445
    5.0000    4.0000  186.8445
    5.0000    4.0000  186.8445
    5.0000    4.0000  186.8445
    4.0000    4.0000  179.1698
    5.0000    4.0000  186.8445
    5.0000    4.0000  186.8445
    5.0000    4.0000  186.8445
    5.0000    4.0000  186.8445
    5.0000    4.0000  186.8445
    5.0000    4.0000  186.8445
    5.0000    4.0000  186.8445

Iteration 8 
___________
Current best (5,3) with weight=1.685228e+002

Parents =

    5.0000    4.0000  186.8445
    5.0000    4.0000  186.8445
    5.0000    4.0000  186.8445
    5.0000    4.0000  186.8445
    5.0000    4.0000  186.8445
    3.0000    3.0000  181.9945
    4.0000    4.0000  179.1698
    4.0000    4.0000  179.1698
    7.0000    3.0000  178.2436
    7.0000    3.0000  178.2436
    7.0000    3.0000  178.2436
    6.0000    2.0000  174.1430
    6.0000    3.0000  172.5229
    5.0000    2.0000  171.7524
    5.0000    3.0000  168.5228
    5.0000    3.0000  168.5228


Survivors =

    5.0000    4.0000  186.8445
    5.0000    4.0000  186.8445
    5.0000    4.0000  186.8445
    5.0000    4.0000  186.8445
    5.0000    4.0000  186.8445
    5.0000    4.0000  186.8445


Children =

    6.0000    4.0000  193.2794
    7.0000    4.0000  196.6674
    5.0000    4.0000  186.8445
    5.0000    4.0000  186.8445
    5.0000    3.0000  168.5228
    5.0000    4.0000  186.8445
    5.0000    3.0000  168.5228
    5.0000    4.0000  186.8445
    5.0000    3.0000  168.5228
    5.0000    4.0000  186.8445
    5.0000    4.0000  186.8445
    5.0000    4.0000  186.8445
    6.0000    4.0000  193.2794
    5.0000    4.0000  186.8445
    5.0000    4.0000  186.8445

Iteration 9 
___________
Current best (5,3) with weight=1.685228e+002

Parents =

    5.0000    4.0000  186.8445
    5.0000    4.0000  186.8445
    3.0000    3.0000  181.9945
    4.0000    4.0000  179.1698
    4.0000    4.0000  179.1698
    7.0000    3.0000  178.2436
    7.0000    3.0000  178.2436
    7.0000    3.0000  178.2436
    6.0000    2.0000  174.1430
    6.0000    3.0000  172.5229
    5.0000    2.0000  171.7524
    5.0000    3.0000  168.5228
    5.0000    3.0000  168.5228
    5.0000    3.0000  168.5228
    5.0000    3.0000  168.5228
    5.0000    3.0000  168.5228


Survivors =

    5.0000    4.0000  186.8445
    5.0000    4.0000  186.8445
    5.0000    4.0000  186.8445
    5.0000    4.0000  186.8445
    5.0000    4.0000  186.8445
    5.0000    4.0000  186.8445


Children =

    4.0000    3.0000  167.3930
    5.0000    4.0000  186.8445
    7.0000    4.0000  196.6674
    5.0000    4.0000  186.8445
    4.0000    4.0000  179.1698
    5.0000    3.0000  168.5228
    3.0000    4.0000  190.3247
    5.0000    4.0000  186.8445
    4.0000    3.0000  167.3930
    5.0000    4.0000  186.8445
    5.0000    4.0000  186.8445
    3.0000    4.0000  190.3247
    3.0000    4.0000  190.3247
    6.0000    3.0000  172.5229
    4.0000    4.0000  179.1698

Iteration 10 
___________
Current best (4,3) with weight=1.673930e+002

Parents =

    4.0000    4.0000  179.1698
    7.0000    3.0000  178.2436
    7.0000    3.0000  178.2436
    7.0000    3.0000  178.2436
    6.0000    2.0000  174.1430
    6.0000    3.0000  172.5229
    6.0000    3.0000  172.5229
    5.0000    2.0000  171.7524
    5.0000    3.0000  168.5228
    5.0000    3.0000  168.5228
    5.0000    3.0000  168.5228
    5.0000    3.0000  168.5228
    5.0000    3.0000  168.5228
    5.0000    3.0000  168.5228
    4.0000    3.0000  167.3930
    4.0000    3.0000  167.3930


Survivors =

    5.0000    4.0000  186.8445
    3.0000    3.0000  181.9945
    4.0000    4.0000  179.1698
    4.0000    4.0000  179.1698
    4.0000    4.0000  179.1698
    4.0000    4.0000  179.1698


Children =

    7.0000    3.0000  178.2436
    6.0000    2.0000  174.1430
    7.0000    3.0000  178.2436
    4.0000    3.0000  167.3930
    4.0000    3.0000  167.3930
    7.0000    4.0000  196.6674
    4.0000    3.0000  167.3930
    4.0000    3.0000  167.3930
    6.0000    3.0000  172.5229
    4.0000    3.0000  167.3930
    5.0000    4.0000  186.8445
    4.0000    3.0000  167.3930
    7.0000    4.0000  196.6674
    4.0000    3.0000  167.3930
    6.0000    3.0000  172.5229

Iteration 11 
___________
Current best (4,3) with weight=1.673930e+002

Parents =

    5.0000    2.0000  171.7524
    5.0000    3.0000  168.5228
    5.0000    3.0000  168.5228
    5.0000    3.0000  168.5228
    5.0000    3.0000  168.5228
    5.0000    3.0000  168.5228
    5.0000    3.0000  168.5228
    4.0000    3.0000  167.3930
    4.0000    3.0000  167.3930
    4.0000    3.0000  167.3930
    4.0000    3.0000  167.3930
    4.0000    3.0000  167.3930
    4.0000    3.0000  167.3930
    4.0000    3.0000  167.3930
    4.0000    3.0000  167.3930
    4.0000    3.0000  167.3930


Survivors =

    6.0000    2.0000  174.1430
    6.0000    3.0000  172.5229
    6.0000    3.0000  172.5229
    6.0000    3.0000  172.5229
    6.0000    3.0000  172.5229
    5.0000    2.0000  171.7524


Children =

    5.0000    2.0000  171.7524
    5.0000    2.0000  171.7524
    5.0000    2.0000  171.7524
    5.0000    3.0000  168.5228
    5.0000    3.0000  168.5228
    5.0000    2.0000  171.7524
    5.0000    3.0000  168.5228
    5.0000    3.0000  168.5228
    5.0000    3.0000  168.5228
    5.0000    2.0000  171.7524
    5.0000    3.0000  168.5228
    5.0000    2.0000  171.7524
    5.0000    3.0000  168.5228
    5.0000    2.0000  171.7524
    5.0000    3.0000  168.5228

Iteration 12 
___________
Current best (4,3) with weight=1.673930e+002

Parents =

    5.0000    3.0000  168.5228
    5.0000    3.0000  168.5228
    5.0000    3.0000  168.5228
    5.0000    3.0000  168.5228
    5.0000    3.0000  168.5228
    5.0000    3.0000  168.5228
    5.0000    3.0000  168.5228
    4.0000    3.0000  167.3930
    4.0000    3.0000  167.3930
    4.0000    3.0000  167.3930
    4.0000    3.0000  167.3930
    4.0000    3.0000  167.3930
    4.0000    3.0000  167.3930
    4.0000    3.0000  167.3930
    4.0000    3.0000  167.3930
    4.0000    3.0000  167.3930


Survivors =

    5.0000    3.0000  168.5228
    5.0000    3.0000  168.5228
    5.0000    3.0000  168.5228
    5.0000    3.0000  168.5228
    5.0000    3.0000  168.5228
    5.0000    3.0000  168.5228


Children =

    4.0000    3.0000  167.3930
    5.0000    3.0000  168.5228
    5.0000    3.0000  168.5228
    5.0000    3.0000  168.5228
    5.0000    3.0000  168.5228
    5.0000    3.0000  168.5228
    5.0000    3.0000  168.5228
    4.0000    3.0000  167.3930
    4.0000    3.0000  167.3930
    5.0000    3.0000  168.5228
    5.0000    3.0000  168.5228
    5.0000    3.0000  168.5228
    5.0000    3.0000  168.5228
    5.0000    3.0000  168.5228
    5.0000    4.0000  186.8445

Iteration 13 
___________
Current best (4,3) with weight=1.673930e+002

Parents =

    5.0000    3.0000  168.5228
    5.0000    3.0000  168.5228
    5.0000    3.0000  168.5228
    5.0000    3.0000  168.5228
    4.0000    3.0000  167.3930
    4.0000    3.0000  167.3930
    4.0000    3.0000  167.3930
    4.0000    3.0000  167.3930
    4.0000    3.0000  167.3930
    4.0000    3.0000  167.3930
    4.0000    3.0000  167.3930
    4.0000    3.0000  167.3930
    4.0000    3.0000  167.3930
    4.0000    3.0000  167.3930
    4.0000    3.0000  167.3930
    4.0000    3.0000  167.3930


Survivors =

    5.0000    3.0000  168.5228
    5.0000    3.0000  168.5228
    5.0000    3.0000  168.5228
    5.0000    3.0000  168.5228
    5.0000    3.0000  168.5228
    5.0000    3.0000  168.5228


Children =

    5.0000    3.0000  168.5228
    4.0000    3.0000  167.3930
    5.0000    3.0000  168.5228
    5.0000    3.0000  168.5228
    5.0000    3.0000  168.5228
    4.0000    3.0000  167.3930
    5.0000    3.0000  168.5228
    5.0000    3.0000  168.5228
    4.0000    3.0000  167.3930
    5.0000    3.0000  168.5228
    5.0000    3.0000  168.5228
    5.0000    3.0000  168.5228
    5.0000    3.0000  168.5228
    4.0000    3.0000  167.3930
    5.0000    3.0000  168.5228

Iteration 14 
___________
Current best (4,3) with weight=1.673930e+002

Parents =

    4.0000    3.0000  167.3930
    4.0000    3.0000  167.3930
    4.0000    3.0000  167.3930
    4.0000    3.0000  167.3930
    4.0000    3.0000  167.3930
    4.0000    3.0000  167.3930
    4.0000    3.0000  167.3930
    4.0000    3.0000  167.3930
    4.0000    3.0000  167.3930
    4.0000    3.0000  167.3930
    4.0000    3.0000  167.3930
    4.0000    3.0000  167.3930
    4.0000    3.0000  167.3930
    4.0000    3.0000  167.3930
    4.0000    3.0000  167.3930
    4.0000    3.0000  167.3930


Survivors =

    5.0000    3.0000  168.5228
    5.0000    3.0000  168.5228
    5.0000    3.0000  168.5228
    5.0000    3.0000  168.5228
    5.0000    3.0000  168.5228
    4.0000    3.0000  167.3930


Children =

    4.0000    2.0000  175.9902
    4.0000    3.0000  167.3930
    4.0000    3.0000  167.3930
    4.0000    3.0000  167.3930
    4.0000    3.0000  167.3930
    4.0000    3.0000  167.3930
    4.0000    3.0000  167.3930
    4.0000    3.0000  167.3930
    4.0000    3.0000  167.3930
    4.0000    3.0000  167.3930
    4.0000    3.0000  167.3930
    4.0000    3.0000  167.3930
    4.0000    3.0000  167.3930
    4.0000    3.0000  167.3930
    4.0000    3.0000  167.3930

Iteration 15 
___________
Current best (4,3) with weight=1.673930e+002

Parents =

    4.0000    3.0000  167.3930
    4.0000    3.0000  167.3930
    4.0000    3.0000  167.3930
    4.0000    3.0000  167.3930
    4.0000    3.0000  167.3930
    4.0000    3.0000  167.3930
    4.0000    3.0000  167.3930
    4.0000    3.0000  167.3930
    4.0000    3.0000  167.3930
    4.0000    3.0000  167.3930
    4.0000    3.0000  167.3930
    4.0000    3.0000  167.3930
    4.0000    3.0000  167.3930
    4.0000    3.0000  167.3930
    4.0000    3.0000  167.3930
    4.0000    3.0000  167.3930


Survivors =

    4.0000    3.0000  167.3930
    4.0000    3.0000  167.3930
    4.0000    3.0000  167.3930
    4.0000    3.0000  167.3930
    4.0000    3.0000  167.3930
    4.0000    3.0000  167.3930


Children =

    4.0000    3.0000  167.3930
    4.0000    3.0000  167.3930
    4.0000    3.0000  167.3930
    4.0000    3.0000  167.3930
    4.0000    3.0000  167.3930
    4.0000    3.0000  167.3930
    4.0000    3.0000  167.3930
    4.0000    3.0000  167.3930
    4.0000    3.0000  167.3930
    4.0000    3.0000  167.3930
    4.0000    3.0000  167.3930
    4.0000    3.0000  167.3930
    4.0000    3.0000  167.3930
    4.0000    3.0000  167.3930
    4.0000    3.0000  167.3930

Iteration 16 
___________
Current best (4,3) with weight=1.673930e+002

Parents =

    4.0000    3.0000  167.3930
    4.0000    3.0000  167.3930
    4.0000    3.0000  167.3930
    4.0000    3.0000  167.3930
    4.0000    3.0000  167.3930
    4.0000    3.0000  167.3930
    4.0000    3.0000  167.3930
    4.0000    3.0000  167.3930
    4.0000    3.0000  167.3930
    4.0000    3.0000  167.3930
    4.0000    3.0000  167.3930
    4.0000    3.0000  167.3930
    4.0000    3.0000  167.3930
    4.0000    3.0000  167.3930
    4.0000    3.0000  167.3930
    4.0000    3.0000  167.3930


Survivors =

    4.0000    3.0000  167.3930
    4.0000    3.0000  167.3930
    4.0000    3.0000  167.3930
    4.0000    3.0000  167.3930
    4.0000    3.0000  167.3930
    4.0000    3.0000  167.3930


Children =

    4.0000    3.0000  167.3930
    4.0000    3.0000  167.3930
    4.0000    3.0000  167.3930
    4.0000    3.0000  167.3930
    4.0000    3.0000  167.3930
    4.0000    3.0000  167.3930
    4.0000    3.0000  167.3930
    4.0000    3.0000  167.3930
    4.0000    3.0000  167.3930
    4.0000    3.0000  167.3930
    4.0000    3.0000  167.3930
    4.0000    3.0000  167.3930
    4.0000    3.0000  167.3930
    4.0000    3.0000  167.3930
    4.0000    3.0000  167.3930

Iteration 17 
___________
Current best (4,3) with weight=1.673930e+002

Parents =

    4.0000    3.0000  167.3930
    4.0000    3.0000  167.3930
    4.0000    3.0000  167.3930
    4.0000    3.0000  167.3930
    4.0000    3.0000  167.3930
    4.0000    3.0000  167.3930
    4.0000    3.0000  167.3930
    4.0000    3.0000  167.3930
    4.0000    3.0000  167.3930
    4.0000    3.0000  167.3930
    4.0000    3.0000  167.3930
    4.0000    3.0000  167.3930
    4.0000    3.0000  167.3930
    4.0000    3.0000  167.3930
    4.0000    3.0000  167.3930
    4.0000    3.0000  167.3930


Survivors =

    4.0000    3.0000  167.3930
    4.0000    3.0000  167.3930
    4.0000    3.0000  167.3930
    4.0000    3.0000  167.3930
    4.0000    3.0000  167.3930
    4.0000    3.0000  167.3930


Children =

    4.0000    3.0000  167.3930
    5.0000    3.0000  168.5228
    4.0000    3.0000  167.3930
    4.0000    3.0000  167.3930
    4.0000    3.0000  167.3930
    4.0000    3.0000  167.3930
    4.0000    3.0000  167.3930
    4.0000    3.0000  167.3930
    4.0000    3.0000  167.3930
    4.0000    3.0000  167.3930
    4.0000    3.0000  167.3930
    4.0000    3.0000  167.3930
    4.0000    3.0000  167.3930
    4.0000    3.0000  167.3930
    4.0000    3.0000  167.3930

Iteration 18 
___________
Current best (4,3) with weight=1.673930e+002

Parents =

    4.0000    3.0000  167.3930
    4.0000    3.0000  167.3930
    4.0000    3.0000  167.3930
    4.0000    3.0000  167.3930
    4.0000    3.0000  167.3930
    4.0000    3.0000  167.3930
    4.0000    3.0000  167.3930
    4.0000    3.0000  167.3930
    4.0000    3.0000  167.3930
    4.0000    3.0000  167.3930
    4.0000    3.0000  167.3930
    4.0000    3.0000  167.3930
    4.0000    3.0000  167.3930
    4.0000    3.0000  167.3930
    4.0000    3.0000  167.3930
    4.0000    3.0000  167.3930


Survivors =

    4.0000    3.0000  167.3930
    4.0000    3.0000  167.3930
    4.0000    3.0000  167.3930
    4.0000    3.0000  167.3930
    4.0000    3.0000  167.3930
    4.0000    3.0000  167.3930


Children =

    4.0000    3.0000  167.3930
    4.0000    3.0000  167.3930
    4.0000    3.0000  167.3930
    4.0000    3.0000  167.3930
    4.0000    3.0000  167.3930
    4.0000    3.0000  167.3930
    4.0000    3.0000  167.3930
    4.0000    3.0000  167.3930
    4.0000    3.0000  167.3930
    4.0000    3.0000  167.3930
    4.0000    3.0000  167.3930
    4.0000    3.0000  167.3930
    4.0000    3.0000  167.3930
    4.0000    3.0000  167.3930
    4.0000    3.0000  167.3930

Iteration 19 
___________
Current best (4,3) with weight=1.673930e+002

Parents =

    4.0000    3.0000  167.3930
    4.0000    3.0000  167.3930
    4.0000    3.0000  167.3930
    4.0000    3.0000  167.3930
    4.0000    3.0000  167.3930
    4.0000    3.0000  167.3930
    4.0000    3.0000  167.3930
    4.0000    3.0000  167.3930
    4.0000    3.0000  167.3930
    4.0000    3.0000  167.3930
    4.0000    3.0000  167.3930
    4.0000    3.0000  167.3930
    4.0000    3.0000  167.3930
    4.0000    3.0000  167.3930
    4.0000    3.0000  167.3930
    4.0000    3.0000  167.3930


Survivors =

    4.0000    3.0000  167.3930
    4.0000    3.0000  167.3930
    4.0000    3.0000  167.3930
    4.0000    3.0000  167.3930
    4.0000    3.0000  167.3930
    4.0000    3.0000  167.3930


Children =

    4.0000    3.0000  167.3930
    4.0000    3.0000  167.3930
    4.0000    3.0000  167.3930
    4.0000    3.0000  167.3930
    4.0000    3.0000  167.3930
    4.0000    3.0000  167.3930
    4.0000    3.0000  167.3930
    4.0000    3.0000  167.3930
    4.0000    3.0000  167.3930
    4.0000    3.0000  167.3930
    4.0000    3.0000  167.3930
    4.0000    3.0000  167.3930
    4.0000    3.0000  167.3930
    4.0000    3.0000  167.3930
    4.0000    3.0000  167.3930

Iteration 20 
___________
Current best (4,3) with weight=1.673930e+002

Parents =

    4.0000    3.0000  167.3930
    4.0000    3.0000  167.3930
    4.0000    3.0000  167.3930
    4.0000    3.0000  167.3930
    4.0000    3.0000  167.3930
    4.0000    3.0000  167.3930
    4.0000    3.0000  167.3930
    4.0000    3.0000  167.3930
    4.0000    3.0000  167.3930
    4.0000    3.0000  167.3930
    4.0000    3.0000  167.3930
    4.0000    3.0000  167.3930
    4.0000    3.0000  167.3930
    4.0000    3.0000  167.3930
    4.0000    3.0000  167.3930
    4.0000    3.0000  167.3930


Survivors =

    4.0000    3.0000  167.3930
    4.0000    3.0000  167.3930
    4.0000    3.0000  167.3930
    4.0000    3.0000  167.3930
    4.0000    3.0000  167.3930
    4.0000    3.0000  167.3930


Children =

    4.0000    3.0000  167.3930
    4.0000    3.0000  167.3930
    4.0000    3.0000  167.3930
    4.0000    3.0000  167.3930
    4.0000    3.0000  167.3930
    4.0000    3.0000  167.3930
    4.0000    3.0000  167.3930
    4.0000    3.0000  167.3930
    4.0000    3.0000  167.3930
    4.0000    3.0000  167.3930
    4.0000    3.0000  167.3930
    4.0000    3.0000  167.3930
    4.0000    3.0000  167.3930
    4.0000    3.0000  167.3930
    4.0000    3.0000  167.3930

Iteration 21 
___________
Current best (4,3) with weight=1.673930e+002

Parents =

    4.0000    3.0000  167.3930
    4.0000    3.0000  167.3930
    4.0000    3.0000  167.3930
    4.0000    3.0000  167.3930
    4.0000    3.0000  167.3930
    4.0000    3.0000  167.3930
    4.0000    3.0000  167.3930
    4.0000    3.0000  167.3930
    4.0000    3.0000  167.3930
    4.0000    3.0000  167.3930
    4.0000    3.0000  167.3930
    4.0000    3.0000  167.3930
    4.0000    3.0000  167.3930
    4.0000    3.0000  167.3930
    4.0000    3.0000  167.3930
    4.0000    3.0000  167.3930


Survivors =

    4.0000    3.0000  167.3930
    4.0000    3.0000  167.3930
    4.0000    3.0000  167.3930
    4.0000    3.0000  167.3930
    4.0000    3.0000  167.3930
    4.0000    3.0000  167.3930


Children =

    4.0000    3.0000  167.3930
    4.0000    3.0000  167.3930
    4.0000    3.0000  167.3930
    4.0000    3.0000  167.3930
    4.0000    3.0000  167.3930
    4.0000    3.0000  167.3930
    4.0000    3.0000  167.3930
    4.0000    3.0000  167.3930
    4.0000    3.0000  167.3930
    4.0000    3.0000  167.3930
    4.0000    3.0000  167.3930
    4.0000    3.0000  167.3930
    4.0000    3.0000  167.3930
    4.0000    3.0000  167.3930
    4.0000    3.0000  167.3930

Iteration 22 
___________
Current best (4,3) with weight=1.673930e+002

Parents =

    4.0000    3.0000  167.3930
    4.0000    3.0000  167.3930
    4.0000    3.0000  167.3930
    4.0000    3.0000  167.3930
    4.0000    3.0000  167.3930
    4.0000    3.0000  167.3930
    4.0000    3.0000  167.3930
    4.0000    3.0000  167.3930
    4.0000    3.0000  167.3930
    4.0000    3.0000  167.3930
    4.0000    3.0000  167.3930
    4.0000    3.0000  167.3930
    4.0000    3.0000  167.3930
    4.0000    3.0000  167.3930
    4.0000    3.0000  167.3930
    4.0000    3.0000  167.3930


Survivors =

    4.0000    3.0000  167.3930
    4.0000    3.0000  167.3930
    4.0000    3.0000  167.3930
    4.0000    3.0000  167.3930
    4.0000    3.0000  167.3930
    4.0000    3.0000  167.3930


Children =

    4.0000    3.0000  167.3930
    4.0000    3.0000  167.3930
    4.0000    3.0000  167.3930
    4.0000    3.0000  167.3930
    4.0000    3.0000  167.3930
    4.0000    3.0000  167.3930
    4.0000    3.0000  167.3930
    4.0000    3.0000  167.3930
    4.0000    3.0000  167.3930
    4.0000    3.0000  167.3930
    4.0000    3.0000  167.3930
    4.0000    3.0000  167.3930
    4.0000    3.0000  167.3930
    4.0000    3.0000  167.3930
    4.0000    3.0000  167.3930

Iteration 23 
___________
Current best (4,3) with weight=1.673930e+002

Parents =

    4.0000    3.0000  167.3930
    4.0000    3.0000  167.3930
    4.0000    3.0000  167.3930
    4.0000    3.0000  167.3930
    4.0000    3.0000  167.3930
    4.0000    3.0000  167.3930
    4.0000    3.0000  167.3930
    4.0000    3.0000  167.3930
    4.0000    3.0000  167.3930
    4.0000    3.0000  167.3930
    4.0000    3.0000  167.3930
    4.0000    3.0000  167.3930
    4.0000    3.0000  167.3930
    4.0000    3.0000  167.3930
    4.0000    3.0000  167.3930
    4.0000    3.0000  167.3930


Survivors =

    4.0000    3.0000  167.3930
    4.0000    3.0000  167.3930
    4.0000    3.0000  167.3930
    4.0000    3.0000  167.3930
    4.0000    3.0000  167.3930
    4.0000    3.0000  167.3930


Children =

    4.0000    3.0000  167.3930
    4.0000    3.0000  167.3930
    4.0000    3.0000  167.3930
    4.0000    3.0000  167.3930
    4.0000    3.0000  167.3930
    4.0000    3.0000  167.3930
    4.0000    3.0000  167.3930
    4.0000    3.0000  167.3930
    4.0000    3.0000  167.3930
    4.0000    3.0000  167.3930
    4.0000    3.0000  167.3930
    4.0000    3.0000  167.3930
    4.0000    3.0000  167.3930
    4.0000    3.0000  167.3930
    4.0000    3.0000  167.3930

Iteration 24 
___________
Current best (4,3) with weight=1.673930e+002

Parents =

    4.0000    3.0000  167.3930
    4.0000    3.0000  167.3930
    4.0000    3.0000  167.3930
    4.0000    3.0000  167.3930
    4.0000    3.0000  167.3930
    4.0000    3.0000  167.3930
    4.0000    3.0000  167.3930
    4.0000    3.0000  167.3930
    4.0000    3.0000  167.3930
    4.0000    3.0000  167.3930
    4.0000    3.0000  167.3930
    4.0000    3.0000  167.3930
    4.0000    3.0000  167.3930
    4.0000    3.0000  167.3930
    4.0000    3.0000  167.3930
    4.0000    3.0000  167.3930


Survivors =

    4.0000    3.0000  167.3930
    4.0000    3.0000  167.3930
    4.0000    3.0000  167.3930
    4.0000    3.0000  167.3930
    4.0000    3.0000  167.3930
    4.0000    3.0000  167.3930


Children =

    4.0000    3.0000  167.3930
    4.0000    3.0000  167.3930
    4.0000    3.0000  167.3930
    4.0000    3.0000  167.3930
    4.0000    3.0000  167.3930
    4.0000    3.0000  167.3930
    4.0000    3.0000  167.3930
    4.0000    3.0000  167.3930
    4.0000    3.0000  167.3930
    4.0000    3.0000  167.3930
    4.0000    3.0000  167.3930
    4.0000    3.0000  167.3930
    4.0000    3.0000  167.3930
    4.0000    3.0000  167.3930
    4.0000    3.0000  167.3930

Iteration 25 
___________
Current best (4,3) with weight=1.673930e+002

Parents =

    4.0000    3.0000  167.3930
    4.0000    3.0000  167.3930
    4.0000    3.0000  167.3930
    4.0000    3.0000  167.3930
    4.0000    3.0000  167.3930
    4.0000    3.0000  167.3930
    4.0000    3.0000  167.3930
    4.0000    3.0000  167.3930
    4.0000    3.0000  167.3930
    4.0000    3.0000  167.3930
    4.0000    3.0000  167.3930
    4.0000    3.0000  167.3930
    4.0000    3.0000  167.3930
    4.0000    3.0000  167.3930
    4.0000    3.0000  167.3930
    4.0000    3.0000  167.3930


Survivors =

    4.0000    3.0000  167.3930
    4.0000    3.0000  167.3930
    4.0000    3.0000  167.3930
    4.0000    3.0000  167.3930
    4.0000    3.0000  167.3930
    4.0000    3.0000  167.3930


Children =

    4.0000    3.0000  167.3930
    4.0000    3.0000  167.3930
    4.0000    3.0000  167.3930
    4.0000    3.0000  167.3930
    4.0000    3.0000  167.3930
    4.0000    3.0000  167.3930
    4.0000    3.0000  167.3930
    4.0000    3.0000  167.3930
    4.0000    3.0000  167.3930
    4.0000    3.0000  167.3930
    4.0000    3.0000  167.3930
    4.0000    3.0000  167.3930
    4.0000    3.0000  167.3930
    4.0000    3.0000  167.3930
    4.0000    3.0000  167.3930

Iteration 26 
___________
Current best (4,3) with weight=1.673930e+002

Parents =

    4.0000    3.0000  167.3930
    4.0000    3.0000  167.3930
    4.0000    3.0000  167.3930
    4.0000    3.0000  167.3930
    4.0000    3.0000  167.3930
    4.0000    3.0000  167.3930
    4.0000    3.0000  167.3930
    4.0000    3.0000  167.3930
    4.0000    3.0000  167.3930
    4.0000    3.0000  167.3930
    4.0000    3.0000  167.3930
    4.0000    3.0000  167.3930
    4.0000    3.0000  167.3930
    4.0000    3.0000  167.3930
    4.0000    3.0000  167.3930
    4.0000    3.0000  167.3930


Survivors =

    4.0000    3.0000  167.3930
    4.0000    3.0000  167.3930
    4.0000    3.0000  167.3930
    4.0000    3.0000  167.3930
    4.0000    3.0000  167.3930
    4.0000    3.0000  167.3930


Children =

    4.0000    3.0000  167.3930
    4.0000    3.0000  167.3930
    4.0000    3.0000  167.3930
    4.0000    3.0000  167.3930
    4.0000    3.0000  167.3930
    4.0000    3.0000  167.3930
    4.0000    3.0000  167.3930
    4.0000    3.0000  167.3930
    4.0000    3.0000  167.3930
    4.0000    3.0000  167.3930
    4.0000    3.0000  167.3930
    4.0000    3.0000  167.3930
    4.0000    3.0000  167.3930
    4.0000    3.0000  167.3930
    4.0000    3.0000  167.3930

Iteration 27 
___________
Current best (4,3) with weight=1.673930e+002

Parents =

    4.0000    3.0000  167.3930
    4.0000    3.0000  167.3930
    4.0000    3.0000  167.3930
    4.0000    3.0000  167.3930
    4.0000    3.0000  167.3930
    4.0000    3.0000  167.3930
    4.0000    3.0000  167.3930
    4.0000    3.0000  167.3930
    4.0000    3.0000  167.3930
    4.0000    3.0000  167.3930
    4.0000    3.0000  167.3930
    4.0000    3.0000  167.3930
    4.0000    3.0000  167.3930
    4.0000    3.0000  167.3930
    4.0000    3.0000  167.3930
    4.0000    3.0000  167.3930


Survivors =

    4.0000    3.0000  167.3930
    4.0000    3.0000  167.3930
    4.0000    3.0000  167.3930
    4.0000    3.0000  167.3930
    4.0000    3.0000  167.3930
    4.0000    3.0000  167.3930


Children =

    4.0000    3.0000  167.3930
    4.0000    3.0000  167.3930
    4.0000    3.0000  167.3930
    4.0000    3.0000  167.3930
    4.0000    3.0000  167.3930
    4.0000    3.0000  167.3930
    4.0000    3.0000  167.3930
    4.0000    3.0000  167.3930
    4.0000    3.0000  167.3930
    4.0000    3.0000  167.3930
    4.0000    3.0000  167.3930
    4.0000    3.0000  167.3930
    4.0000    3.0000  167.3930
    4.0000    3.0000  167.3930
    4.0000    3.0000  167.3930

Iteration 28 
___________
Current best (4,3) with weight=1.673930e+002

Parents =

    4.0000    3.0000  167.3930
    4.0000    3.0000  167.3930
    4.0000    3.0000  167.3930
    4.0000    3.0000  167.3930
    4.0000    3.0000  167.3930
    4.0000    3.0000  167.3930
    4.0000    3.0000  167.3930
    4.0000    3.0000  167.3930
    4.0000    3.0000  167.3930
    4.0000    3.0000  167.3930
    4.0000    3.0000  167.3930
    4.0000    3.0000  167.3930
    4.0000    3.0000  167.3930
    4.0000    3.0000  167.3930
    4.0000    3.0000  167.3930
    4.0000    3.0000  167.3930


Survivors =

    4.0000    3.0000  167.3930
    4.0000    3.0000  167.3930
    4.0000    3.0000  167.3930
    4.0000    3.0000  167.3930
    4.0000    3.0000  167.3930
    4.0000    3.0000  167.3930


Children =

    4.0000    3.0000  167.3930
    4.0000    3.0000  167.3930
    4.0000    3.0000  167.3930
    4.0000    3.0000  167.3930
    4.0000    3.0000  167.3930
    4.0000    3.0000  167.3930
    4.0000    3.0000  167.3930
    4.0000    3.0000  167.3930
    4.0000    3.0000  167.3930
    4.0000    3.0000  167.3930
    4.0000    3.0000  167.3930
    4.0000    3.0000  167.3930
    4.0000    3.0000  167.3930
    4.0000    3.0000  167.3930
    4.0000    3.0000  167.3930

Iteration 29 
___________
Current best (4,3) with weight=1.673930e+002

Parents =

    4.0000    3.0000  167.3930
    4.0000    3.0000  167.3930
    4.0000    3.0000  167.3930
    4.0000    3.0000  167.3930
    4.0000    3.0000  167.3930
    4.0000    3.0000  167.3930
    4.0000    3.0000  167.3930
    4.0000    3.0000  167.3930
    4.0000    3.0000  167.3930
    4.0000    3.0000  167.3930
    4.0000    3.0000  167.3930
    4.0000    3.0000  167.3930
    4.0000    3.0000  167.3930
    4.0000    3.0000  167.3930
    4.0000    3.0000  167.3930
    4.0000    3.0000  167.3930


Survivors =

    4.0000    3.0000  167.3930
    4.0000    3.0000  167.3930
    4.0000    3.0000  167.3930
    4.0000    3.0000  167.3930
    4.0000    3.0000  167.3930
    4.0000    3.0000  167.3930


Children =

    4.0000    3.0000  167.3930
    4.0000    3.0000  167.3930
    4.0000    3.0000  167.3930
    4.0000    3.0000  167.3930
    4.0000    3.0000  167.3930
    4.0000    3.0000  167.3930
    4.0000    3.0000  167.3930
    4.0000    3.0000  167.3930
    4.0000    3.0000  167.3930
    4.0000    3.0000  167.3930
    4.0000    3.0000  167.3930
    4.0000    3.0000  167.3930
    4.0000    3.0000  167.3930
    4.0000    3.0000  167.3930
    4.0000    3.0000  167.3930

Iteration 30 
___________
Current best (4,3) with weight=1.673930e+002

Parents =

    4.0000    3.0000  167.3930
    4.0000    3.0000  167.3930
    4.0000    3.0000  167.3930
    4.0000    3.0000  167.3930
    4.0000    3.0000  167.3930
    4.0000    3.0000  167.3930
    4.0000    3.0000  167.3930
    4.0000    3.0000  167.3930
    4.0000    3.0000  167.3930
    4.0000    3.0000  167.3930
    4.0000    3.0000  167.3930
    4.0000    3.0000  167.3930
    4.0000    3.0000  167.3930
    4.0000    3.0000  167.3930
    4.0000    3.0000  167.3930
    4.0000    3.0000  167.3930


Survivors =

    4.0000    3.0000  167.3930
    4.0000    3.0000  167.3930
    4.0000    3.0000  167.3930
    4.0000    3.0000  167.3930
    4.0000    3.0000  167.3930
    4.0000    3.0000  167.3930


Children =

    4.0000    3.0000  167.3930
    4.0000    3.0000  167.3930
    4.0000    3.0000  167.3930
    4.0000    3.0000  167.3930
    4.0000    3.0000  167.3930
    4.0000    3.0000  167.3930
    4.0000    3.0000  167.3930
    4.0000    3.0000  167.3930
    4.0000    3.0000  167.3930
    4.0000    3.0000  167.3930
    4.0000    3.0000  167.3930
    4.0000    3.0000  167.3930
    4.0000    3.0000  167.3930
    4.0000    3.0000  167.3930
    4.0000    3.0000  167.3930

Iteration 31 
___________
Current best (4,3) with weight=1.673930e+002

Parents =

    4.0000    3.0000  167.3930
    4.0000    3.0000  167.3930
    4.0000    3.0000  167.3930
    4.0000    3.0000  167.3930
    4.0000    3.0000  167.3930
    4.0000    3.0000  167.3930
    4.0000    3.0000  167.3930
    4.0000    3.0000  167.3930
    4.0000    3.0000  167.3930
    4.0000    3.0000  167.3930
    4.0000    3.0000  167.3930
    4.0000    3.0000  167.3930
    4.0000    3.0000  167.3930
    4.0000    3.0000  167.3930
    4.0000    3.0000  167.3930
    4.0000    3.0000  167.3930


Survivors =

    4.0000    3.0000  167.3930
    4.0000    3.0000  167.3930
    4.0000    3.0000  167.3930
    4.0000    3.0000  167.3930
    4.0000    3.0000  167.3930
    4.0000    3.0000  167.3930


Children =

    4.0000    3.0000  167.3930
    4.0000    3.0000  167.3930
    4.0000    3.0000  167.3930
    4.0000    3.0000  167.3930
    4.0000    3.0000  167.3930
    4.0000    3.0000  167.3930
    4.0000    3.0000  167.3930
    4.0000    3.0000  167.3930
    4.0000    3.0000  167.3930
    4.0000    3.0000  167.3930
    4.0000    3.0000  167.3930
    4.0000    3.0000  167.3930
    4.0000    3.0000  167.3930
    4.0000    3.0000  167.3930
    4.0000    3.0000  167.3930

Iteration 32 
___________
Current best (4,3) with weight=1.673930e+002

Parents =

    4.0000    3.0000  167.3930
    4.0000    3.0000  167.3930
    4.0000    3.0000  167.3930
    4.0000    3.0000  167.3930
    4.0000    3.0000  167.3930
    4.0000    3.0000  167.3930
    4.0000    3.0000  167.3930
    4.0000    3.0000  167.3930
    4.0000    3.0000  167.3930
    4.0000    3.0000  167.3930
    4.0000    3.0000  167.3930
    4.0000    3.0000  167.3930
    4.0000    3.0000  167.3930
    4.0000    3.0000  167.3930
    4.0000    3.0000  167.3930
    4.0000    3.0000  167.3930


Survivors =

    4.0000    3.0000  167.3930
    4.0000    3.0000  167.3930
    4.0000    3.0000  167.3930
    4.0000    3.0000  167.3930
    4.0000    3.0000  167.3930
    4.0000    3.0000  167.3930


Children =

    4.0000    3.0000  167.3930
    4.0000    3.0000  167.3930
    4.0000    3.0000  167.3930
    4.0000    3.0000  167.3930
    4.0000    3.0000  167.3930
    4.0000    3.0000  167.3930
    4.0000    3.0000  167.3930
    4.0000    3.0000  167.3930
    4.0000    3.0000  167.3930
    4.0000    3.0000  167.3930
    4.0000    3.0000  167.3930
    4.0000    3.0000  167.3930
    4.0000    3.0000  167.3930
    4.0000    3.0000  167.3930
    4.0000    3.0000  167.3930

Iteration 33 
___________
Current best (4,3) with weight=1.673930e+002

Parents =

    4.0000    3.0000  167.3930
    4.0000    3.0000  167.3930
    4.0000    3.0000  167.3930
    4.0000    3.0000  167.3930
    4.0000    3.0000  167.3930
    4.0000    3.0000  167.3930
    4.0000    3.0000  167.3930
    4.0000    3.0000  167.3930
    4.0000    3.0000  167.3930
    4.0000    3.0000  167.3930
    4.0000    3.0000  167.3930
    4.0000    3.0000  167.3930
    4.0000    3.0000  167.3930
    4.0000    3.0000  167.3930
    4.0000    3.0000  167.3930
    4.0000    3.0000  167.3930


Survivors =

    4.0000    3.0000  167.3930
    4.0000    3.0000  167.3930
    4.0000    3.0000  167.3930
    4.0000    3.0000  167.3930
    4.0000    3.0000  167.3930
    4.0000    3.0000  167.3930


Children =

    4.0000    3.0000  167.3930
    4.0000    3.0000  167.3930
    4.0000    3.0000  167.3930
    4.0000    3.0000  167.3930
    4.0000    3.0000  167.3930
    4.0000    3.0000  167.3930
    4.0000    3.0000  167.3930
    4.0000    3.0000  167.3930
    4.0000    3.0000  167.3930
    4.0000    3.0000  167.3930
    4.0000    3.0000  167.3930
    4.0000    3.0000  167.3930
    4.0000    3.0000  167.3930
    4.0000    3.0000  167.3930
    4.0000    3.0000  167.3930

Iteration 34 
___________
Current best (4,3) with weight=1.673930e+002

Parents =

    4.0000    3.0000  167.3930
    4.0000    3.0000  167.3930
    4.0000    3.0000  167.3930
    4.0000    3.0000  167.3930
    4.0000    3.0000  167.3930
    4.0000    3.0000  167.3930
    4.0000    3.0000  167.3930
    4.0000    3.0000  167.3930
    4.0000    3.0000  167.3930
    4.0000    3.0000  167.3930
    4.0000    3.0000  167.3930
    4.0000    3.0000  167.3930
    4.0000    3.0000  167.3930
    4.0000    3.0000  167.3930
    4.0000    3.0000  167.3930
    4.0000    3.0000  167.3930


Survivors =

    4.0000    3.0000  167.3930
    4.0000    3.0000  167.3930
    4.0000    3.0000  167.3930
    4.0000    3.0000  167.3930
    4.0000    3.0000  167.3930
    4.0000    3.0000  167.3930


Children =

    4.0000    3.0000  167.3930
    5.0000    3.0000  168.5228
    4.0000    3.0000  167.3930
    4.0000    3.0000  167.3930
    4.0000    3.0000  167.3930
    4.0000    3.0000  167.3930
    4.0000    3.0000  167.3930
    4.0000    3.0000  167.3930
    4.0000    3.0000  167.3930
    4.0000    3.0000  167.3930
    4.0000    3.0000  167.3930
    4.0000    3.0000  167.3930
    4.0000    3.0000  167.3930
    4.0000    3.0000  167.3930
    4.0000    3.0000  167.3930

Iteration 35 
___________
Current best (4,3) with weight=1.673930e+002

Parents =

    4.0000    3.0000  167.3930
    4.0000    3.0000  167.3930
    4.0000    3.0000  167.3930
    4.0000    3.0000  167.3930
    4.0000    3.0000  167.3930
    4.0000    3.0000  167.3930
    4.0000    3.0000  167.3930
    4.0000    3.0000  167.3930
    4.0000    3.0000  167.3930
    4.0000    3.0000  167.3930
    4.0000    3.0000  167.3930
    4.0000    3.0000  167.3930
    4.0000    3.0000  167.3930
    4.0000    3.0000  167.3930
    4.0000    3.0000  167.3930
    4.0000    3.0000  167.3930


Survivors =

    4.0000    3.0000  167.3930
    4.0000    3.0000  167.3930
    4.0000    3.0000  167.3930
    4.0000    3.0000  167.3930
    4.0000    3.0000  167.3930
    4.0000    3.0000  167.3930


Children =

    4.0000    3.0000  167.3930
    4.0000    3.0000  167.3930
    4.0000    3.0000  167.3930
    4.0000    3.0000  167.3930
    4.0000    3.0000  167.3930
    4.0000    3.0000  167.3930
    4.0000    3.0000  167.3930
    4.0000    3.0000  167.3930
    4.0000    3.0000  167.3930
    4.0000    3.0000  167.3930
    4.0000    3.0000  167.3930
    4.0000    3.0000  167.3930
    4.0000    3.0000  167.3930
    4.0000    3.0000  167.3930
    4.0000    3.0000  167.3930

Iteration 36 
___________
Current best (4,3) with weight=1.673930e+002

Parents =

    4.0000    3.0000  167.3930
    4.0000    3.0000  167.3930
    4.0000    3.0000  167.3930
    4.0000    3.0000  167.3930
    4.0000    3.0000  167.3930
    4.0000    3.0000  167.3930
    4.0000    3.0000  167.3930
    4.0000    3.0000  167.3930
    4.0000    3.0000  167.3930
    4.0000    3.0000  167.3930
    4.0000    3.0000  167.3930
    4.0000    3.0000  167.3930
    4.0000    3.0000  167.3930
    4.0000    3.0000  167.3930
    4.0000    3.0000  167.3930
    4.0000    3.0000  167.3930


Survivors =

    4.0000    3.0000  167.3930
    4.0000    3.0000  167.3930
    4.0000    3.0000  167.3930
    4.0000    3.0000  167.3930
    4.0000    3.0000  167.3930
    4.0000    3.0000  167.3930


Children =

    4.0000    3.0000  167.3930
    4.0000    3.0000  167.3930
    4.0000    3.0000  167.3930
    4.0000    3.0000  167.3930
    4.0000    3.0000  167.3930
    4.0000    3.0000  167.3930
    4.0000    3.0000  167.3930
    4.0000    3.0000  167.3930
    4.0000    3.0000  167.3930
    4.0000    3.0000  167.3930
    4.0000    3.0000  167.3930
    5.0000    3.0000  168.5228
    4.0000    3.0000  167.3930
    4.0000    3.0000  167.3930
    4.0000    3.0000  167.3930

Iteration 37 
___________
Current best (4,3) with weight=1.673930e+002

Parents =

    4.0000    3.0000  167.3930
    4.0000    3.0000  167.3930
    4.0000    3.0000  167.3930
    4.0000    3.0000  167.3930
    4.0000    3.0000  167.3930
    4.0000    3.0000  167.3930
    4.0000    3.0000  167.3930
    4.0000    3.0000  167.3930
    4.0000    3.0000  167.3930
    4.0000    3.0000  167.3930
    4.0000    3.0000  167.3930
    4.0000    3.0000  167.3930
    4.0000    3.0000  167.3930
    4.0000    3.0000  167.3930
    4.0000    3.0000  167.3930
    4.0000    3.0000  167.3930


Survivors =

    4.0000    3.0000  167.3930
    4.0000    3.0000  167.3930
    4.0000    3.0000  167.3930
    4.0000    3.0000  167.3930
    4.0000    3.0000  167.3930
    4.0000    3.0000  167.3930


Children =

    4.0000    3.0000  167.3930
    4.0000    3.0000  167.3930
    4.0000    3.0000  167.3930
    4.0000    3.0000  167.3930
    4.0000    3.0000  167.3930
    4.0000    3.0000  167.3930
    4.0000    3.0000  167.3930
    4.0000    3.0000  167.3930
    4.0000    3.0000  167.3930
    4.0000    3.0000  167.3930
    4.0000    3.0000  167.3930
    4.0000    3.0000  167.3930
    4.0000    3.0000  167.3930
    4.0000    3.0000  167.3930
    4.0000    3.0000  167.3930

Iteration 38 
___________
Current best (4,3) with weight=1.673930e+002

Parents =

    4.0000    3.0000  167.3930
    4.0000    3.0000  167.3930
    4.0000    3.0000  167.3930
    4.0000    3.0000  167.3930
    4.0000    3.0000  167.3930
    4.0000    3.0000  167.3930
    4.0000    3.0000  167.3930
    4.0000    3.0000  167.3930
    4.0000    3.0000  167.3930
    4.0000    3.0000  167.3930
    4.0000    3.0000  167.3930
    4.0000    3.0000  167.3930
    4.0000    3.0000  167.3930
    4.0000    3.0000  167.3930
    4.0000    3.0000  167.3930
    4.0000    3.0000  167.3930


Survivors =

    4.0000    3.0000  167.3930
    4.0000    3.0000  167.3930
    4.0000    3.0000  167.3930
    4.0000    3.0000  167.3930
    4.0000    3.0000  167.3930
    4.0000    3.0000  167.3930


Children =

    4.0000    3.0000  167.3930
    4.0000    3.0000  167.3930
    4.0000    3.0000  167.3930
    4.0000    3.0000  167.3930
    4.0000    3.0000  167.3930
    4.0000    4.0000  179.1698
    4.0000    3.0000  167.3930
    4.0000    3.0000  167.3930
    4.0000    3.0000  167.3930
    4.0000    3.0000  167.3930
    4.0000    3.0000  167.3930
    4.0000    3.0000  167.3930
    4.0000    3.0000  167.3930
    4.0000    3.0000  167.3930
    4.0000    3.0000  167.3930

Iteration 39 
___________
Current best (4,3) with weight=1.673930e+002

Parents =

    4.0000    3.0000  167.3930
    4.0000    3.0000  167.3930
    4.0000    3.0000  167.3930
    4.0000    3.0000  167.3930
    4.0000    3.0000  167.3930
    4.0000    3.0000  167.3930
    4.0000    3.0000  167.3930
    4.0000    3.0000  167.3930
    4.0000    3.0000  167.3930
    4.0000    3.0000  167.3930
    4.0000    3.0000  167.3930
    4.0000    3.0000  167.3930
    4.0000    3.0000  167.3930
    4.0000    3.0000  167.3930
    4.0000    3.0000  167.3930
    4.0000    3.0000  167.3930


Survivors =

    4.0000    3.0000  167.3930
    4.0000    3.0000  167.3930
    4.0000    3.0000  167.3930
    4.0000    3.0000  167.3930
    4.0000    3.0000  167.3930
    4.0000    3.0000  167.3930


Children =

    4.0000    3.0000  167.3930
    4.0000    2.0000  175.9902
    4.0000    3.0000  167.3930
    3.0000    3.0000  181.9945
    4.0000    3.0000  167.3930
    4.0000    3.0000  167.3930
    4.0000    3.0000  167.3930
    4.0000    3.0000  167.3930
    4.0000    3.0000  167.3930
    4.0000    3.0000  167.3930
    4.0000    3.0000  167.3930
    4.0000    3.0000  167.3930
    4.0000    3.0000  167.3930
    4.0000    3.0000  167.3930
    4.0000    3.0000  167.3930

Iteration 40 
___________
Current best (4,3) with weight=1.673930e+002

Parents =

    4.0000    3.0000  167.3930
    4.0000    3.0000  167.3930
    4.0000    3.0000  167.3930
    4.0000    3.0000  167.3930
    4.0000    3.0000  167.3930
    4.0000    3.0000  167.3930
    4.0000    3.0000  167.3930
    4.0000    3.0000  167.3930
    4.0000    3.0000  167.3930
    4.0000    3.0000  167.3930
    4.0000    3.0000  167.3930
    4.0000    3.0000  167.3930
    4.0000    3.0000  167.3930
    4.0000    3.0000  167.3930
    4.0000    3.0000  167.3930
    4.0000    3.0000  167.3930


Survivors =

    4.0000    3.0000  167.3930
    4.0000    3.0000  167.3930
    4.0000    3.0000  167.3930
    4.0000    3.0000  167.3930
    4.0000    3.0000  167.3930
    4.0000    3.0000  167.3930


Children =

    4.0000    3.0000  167.3930
    4.0000    3.0000  167.3930
    4.0000    3.0000  167.3930
    4.0000    3.0000  167.3930
    4.0000    3.0000  167.3930
    4.0000    3.0000  167.3930
    4.0000    3.0000  167.3930
    4.0000    3.0000  167.3930
    4.0000    3.0000  167.3930
    4.0000    3.0000  167.3930
    4.0000    3.0000  167.3930
    4.0000    3.0000  167.3930
    4.0000    3.0000  167.3930
    4.0000    3.0000  167.3930
    4.0000    3.0000  167.3930

Iteration 41 
___________
Current best (4,3) with weight=1.673930e+002

Parents =

    4.0000    3.0000  167.3930
    4.0000    3.0000  167.3930
    4.0000    3.0000  167.3930
    4.0000    3.0000  167.3930
    4.0000    3.0000  167.3930
    4.0000    3.0000  167.3930
    4.0000    3.0000  167.3930
    4.0000    3.0000  167.3930
    4.0000    3.0000  167.3930
    4.0000    3.0000  167.3930
    4.0000    3.0000  167.3930
    4.0000    3.0000  167.3930
    4.0000    3.0000  167.3930
    4.0000    3.0000  167.3930
    4.0000    3.0000  167.3930
    4.0000    3.0000  167.3930


Survivors =

    4.0000    3.0000  167.3930
    4.0000    3.0000  167.3930
    4.0000    3.0000  167.3930
    4.0000    3.0000  167.3930
    4.0000    3.0000  167.3930
    4.0000    3.0000  167.3930


Children =

    4.0000    3.0000  167.3930
    4.0000    3.0000  167.3930
    4.0000    3.0000  167.3930
    4.0000    3.0000  167.3930
    4.0000    3.0000  167.3930
    4.0000    3.0000  167.3930
    4.0000    3.0000  167.3930
    4.0000    3.0000  167.3930
    4.0000    3.0000  167.3930
    4.0000    3.0000  167.3930
    4.0000    3.0000  167.3930
    4.0000    3.0000  167.3930
    4.0000    3.0000  167.3930
    4.0000    3.0000  167.3930
    4.0000    3.0000  167.3930

Iteration 42 
___________
Current best (4,3) with weight=1.673930e+002

Parents =

    4.0000    3.0000  167.3930
    4.0000    3.0000  167.3930
    4.0000    3.0000  167.3930
    4.0000    3.0000  167.3930
    4.0000    3.0000  167.3930
    4.0000    3.0000  167.3930
    4.0000    3.0000  167.3930
    4.0000    3.0000  167.3930
    4.0000    3.0000  167.3930
    4.0000    3.0000  167.3930
    4.0000    3.0000  167.3930
    4.0000    3.0000  167.3930
    4.0000    3.0000  167.3930
    4.0000    3.0000  167.3930
    4.0000    3.0000  167.3930
    4.0000    3.0000  167.3930


Survivors =

    4.0000    3.0000  167.3930
    4.0000    3.0000  167.3930
    4.0000    3.0000  167.3930
    4.0000    3.0000  167.3930
    4.0000    3.0000  167.3930
    4.0000    3.0000  167.3930


Children =

    4.0000    3.0000  167.3930
    4.0000    3.0000  167.3930
    3.0000    3.0000  181.9945
    4.0000    3.0000  167.3930
    4.0000    3.0000  167.3930
    4.0000    3.0000  167.3930
    4.0000    3.0000  167.3930
    4.0000    3.0000  167.3930
    4.0000    3.0000  167.3930
    4.0000    3.0000  167.3930
    4.0000    3.0000  167.3930
    4.0000    3.0000  167.3930
    4.0000    3.0000  167.3930
    4.0000    3.0000  167.3930
    4.0000    3.0000  167.3930

Iteration 43 
___________
Current best (4,3) with weight=1.673930e+002

Parents =

    4.0000    3.0000  167.3930
    4.0000    3.0000  167.3930
    4.0000    3.0000  167.3930
    4.0000    3.0000  167.3930
    4.0000    3.0000  167.3930
    4.0000    3.0000  167.3930
    4.0000    3.0000  167.3930
    4.0000    3.0000  167.3930
    4.0000    3.0000  167.3930
    4.0000    3.0000  167.3930
    4.0000    3.0000  167.3930
    4.0000    3.0000  167.3930
    4.0000    3.0000  167.3930
    4.0000    3.0000  167.3930
    4.0000    3.0000  167.3930
    4.0000    3.0000  167.3930


Survivors =

    4.0000    3.0000  167.3930
    4.0000    3.0000  167.3930
    4.0000    3.0000  167.3930
    4.0000    3.0000  167.3930
    4.0000    3.0000  167.3930
    4.0000    3.0000  167.3930


Children =

    4.0000    3.0000  167.3930
    4.0000    3.0000  167.3930
    4.0000    3.0000  167.3930
    4.0000    3.0000  167.3930
    4.0000    3.0000  167.3930
    4.0000    3.0000  167.3930
    4.0000    3.0000  167.3930
    4.0000    3.0000  167.3930
    4.0000    3.0000  167.3930
    4.0000    3.0000  167.3930
    4.0000    3.0000  167.3930
    4.0000    3.0000  167.3930
    4.0000    3.0000  167.3930
    4.0000    3.0000  167.3930
    4.0000    3.0000  167.3930

Iteration 44 
___________
Current best (4,3) with weight=1.673930e+002

Parents =

    4.0000    3.0000  167.3930
    4.0000    3.0000  167.3930
    4.0000    3.0000  167.3930
    4.0000    3.0000  167.3930
    4.0000    3.0000  167.3930
    4.0000    3.0000  167.3930
    4.0000    3.0000  167.3930
    4.0000    3.0000  167.3930
    4.0000    3.0000  167.3930
    4.0000    3.0000  167.3930
    4.0000    3.0000  167.3930
    4.0000    3.0000  167.3930
    4.0000    3.0000  167.3930
    4.0000    3.0000  167.3930
    4.0000    3.0000  167.3930
    4.0000    3.0000  167.3930


Survivors =

    4.0000    3.0000  167.3930
    4.0000    3.0000  167.3930
    4.0000    3.0000  167.3930
    4.0000    3.0000  167.3930
    4.0000    3.0000  167.3930
    4.0000    3.0000  167.3930


Children =

    4.0000    3.0000  167.3930
    4.0000    3.0000  167.3930
    4.0000    3.0000  167.3930
    4.0000    3.0000  167.3930
    4.0000    3.0000  167.3930
    4.0000    3.0000  167.3930
    4.0000    3.0000  167.3930
    4.0000    3.0000  167.3930
    4.0000    3.0000  167.3930
    4.0000    3.0000  167.3930
    4.0000    3.0000  167.3930
    4.0000    3.0000  167.3930
    4.0000    3.0000  167.3930
    4.0000    3.0000  167.3930
    4.0000    3.0000  167.3930

Iteration 45 
___________
Current best (4,3) with weight=1.673930e+002

Parents =

    4.0000    3.0000  167.3930
    4.0000    3.0000  167.3930
    4.0000    3.0000  167.3930
    4.0000    3.0000  167.3930
    4.0000    3.0000  167.3930
    4.0000    3.0000  167.3930
    4.0000    3.0000  167.3930
    4.0000    3.0000  167.3930
    4.0000    3.0000  167.3930
    4.0000    3.0000  167.3930
    4.0000    3.0000  167.3930
    4.0000    3.0000  167.3930
    4.0000    3.0000  167.3930
    4.0000    3.0000  167.3930
    4.0000    3.0000  167.3930
    4.0000    3.0000  167.3930


Survivors =

    4.0000    3.0000  167.3930
    4.0000    3.0000  167.3930
    4.0000    3.0000  167.3930
    4.0000    3.0000  167.3930
    4.0000    3.0000  167.3930
    4.0000    3.0000  167.3930


Children =

    4.0000    3.0000  167.3930
    4.0000    3.0000  167.3930
    4.0000    3.0000  167.3930
    4.0000    3.0000  167.3930
    4.0000    3.0000  167.3930
    4.0000    3.0000  167.3930
    4.0000    3.0000  167.3930
    4.0000    3.0000  167.3930
    4.0000    3.0000  167.3930
    4.0000    3.0000  167.3930
    4.0000    3.0000  167.3930
    4.0000    3.0000  167.3930
    4.0000    3.0000  167.3930
    4.0000    3.0000  167.3930
    4.0000    3.0000  167.3930

Iteration 46 
___________
Current best (4,3) with weight=1.673930e+002

Parents =

    4.0000    3.0000  167.3930
    4.0000    3.0000  167.3930
    4.0000    3.0000  167.3930
    4.0000    3.0000  167.3930
    4.0000    3.0000  167.3930
    4.0000    3.0000  167.3930
    4.0000    3.0000  167.3930
    4.0000    3.0000  167.3930
    4.0000    3.0000  167.3930
    4.0000    3.0000  167.3930
    4.0000    3.0000  167.3930
    4.0000    3.0000  167.3930
    4.0000    3.0000  167.3930
    4.0000    3.0000  167.3930
    4.0000    3.0000  167.3930
    4.0000    3.0000  167.3930


Survivors =

    4.0000    3.0000  167.3930
    4.0000    3.0000  167.3930
    4.0000    3.0000  167.3930
    4.0000    3.0000  167.3930
    4.0000    3.0000  167.3930
    4.0000    3.0000  167.3930


Children =

    4.0000    3.0000  167.3930
    4.0000    3.0000  167.3930
    4.0000    3.0000  167.3930
    4.0000    3.0000  167.3930
    4.0000    3.0000  167.3930
    4.0000    3.0000  167.3930
    4.0000    3.0000  167.3930
    4.0000    3.0000  167.3930
    4.0000    3.0000  167.3930
    4.0000    3.0000  167.3930
    4.0000    3.0000  167.3930
    4.0000    3.0000  167.3930
    4.0000    3.0000  167.3930
    4.0000    3.0000  167.3930
    4.0000    3.0000  167.3930

Iteration 47 
___________
Current best (4,3) with weight=1.673930e+002

Parents =

    4.0000    3.0000  167.3930
    4.0000    3.0000  167.3930
    4.0000    3.0000  167.3930
    4.0000    3.0000  167.3930
    4.0000    3.0000  167.3930
    4.0000    3.0000  167.3930
    4.0000    3.0000  167.3930
    4.0000    3.0000  167.3930
    4.0000    3.0000  167.3930
    4.0000    3.0000  167.3930
    4.0000    3.0000  167.3930
    4.0000    3.0000  167.3930
    4.0000    3.0000  167.3930
    4.0000    3.0000  167.3930
    4.0000    3.0000  167.3930
    4.0000    3.0000  167.3930


Survivors =

    4.0000    3.0000  167.3930
    4.0000    3.0000  167.3930
    4.0000    3.0000  167.3930
    4.0000    3.0000  167.3930
    4.0000    3.0000  167.3930
    4.0000    3.0000  167.3930


Children =

    4.0000    3.0000  167.3930
    4.0000    3.0000  167.3930
    4.0000    3.0000  167.3930
    4.0000    3.0000  167.3930
    4.0000    3.0000  167.3930
    4.0000    3.0000  167.3930
    4.0000    3.0000  167.3930
    4.0000    3.0000  167.3930
    4.0000    3.0000  167.3930
    4.0000    3.0000  167.3930
    4.0000    3.0000  167.3930
    4.0000    3.0000  167.3930
    4.0000    3.0000  167.3930
    4.0000    3.0000  167.3930
    4.0000    3.0000  167.3930

Iteration 48 
___________
Current best (4,3) with weight=1.673930e+002

Parents =

    4.0000    3.0000  167.3930
    4.0000    3.0000  167.3930
    4.0000    3.0000  167.3930
    4.0000    3.0000  167.3930
    4.0000    3.0000  167.3930
    4.0000    3.0000  167.3930
    4.0000    3.0000  167.3930
    4.0000    3.0000  167.3930
    4.0000    3.0000  167.3930
    4.0000    3.0000  167.3930
    4.0000    3.0000  167.3930
    4.0000    3.0000  167.3930
    4.0000    3.0000  167.3930
    4.0000    3.0000  167.3930
    4.0000    3.0000  167.3930
    4.0000    3.0000  167.3930


Survivors =

    4.0000    3.0000  167.3930
    4.0000    3.0000  167.3930
    4.0000    3.0000  167.3930
    4.0000    3.0000  167.3930
    4.0000    3.0000  167.3930
    4.0000    3.0000  167.3930


Children =

    4.0000    3.0000  167.3930
    4.0000    3.0000  167.3930
    4.0000    3.0000  167.3930
    4.0000    3.0000  167.3930
    4.0000    3.0000  167.3930
    4.0000    3.0000  167.3930
    4.0000    3.0000  167.3930
    4.0000    3.0000  167.3930
    4.0000    3.0000  167.3930
    4.0000    3.0000  167.3930
    4.0000    3.0000  167.3930
    4.0000    3.0000  167.3930
    4.0000    3.0000  167.3930
    4.0000    3.0000  167.3930
    4.0000    3.0000  167.3930

Iteration 49 
___________
Current best (4,3) with weight=1.673930e+002

Parents =

    4.0000    3.0000  167.3930
    4.0000    3.0000  167.3930
    4.0000    3.0000  167.3930
    4.0000    3.0000  167.3930
    4.0000    3.0000  167.3930
    4.0000    3.0000  167.3930
    4.0000    3.0000  167.3930
    4.0000    3.0000  167.3930
    4.0000    3.0000  167.3930
    4.0000    3.0000  167.3930
    4.0000    3.0000  167.3930
    4.0000    3.0000  167.3930
    4.0000    3.0000  167.3930
    4.0000    3.0000  167.3930
    4.0000    3.0000  167.3930
    4.0000    3.0000  167.3930


Survivors =

    4.0000    3.0000  167.3930
    4.0000    3.0000  167.3930
    4.0000    3.0000  167.3930
    4.0000    3.0000  167.3930
    4.0000    3.0000  167.3930
    4.0000    3.0000  167.3930


Children =

    4.0000    3.0000  167.3930
    4.0000    3.0000  167.3930
    4.0000    3.0000  167.3930
    4.0000    3.0000  167.3930
    4.0000    3.0000  167.3930
    4.0000    3.0000  167.3930
    4.0000    3.0000  167.3930
    4.0000    3.0000  167.3930
    4.0000    3.0000  167.3930
    4.0000    3.0000  167.3930
    4.0000    3.0000  167.3930
    4.0000    3.0000  167.3930
    4.0000    3.0000  167.3930
    4.0000    3.0000  167.3930
    4.0000    3.0000  167.3930

Iteration 50 
___________
Current best (4,3) with weight=1.673930e+002

Parents =

    4.0000    3.0000  167.3930
    4.0000    3.0000  167.3930
    4.0000    3.0000  167.3930
    4.0000    3.0000  167.3930
    4.0000    3.0000  167.3930
    4.0000    3.0000  167.3930
    4.0000    3.0000  167.3930
    4.0000    3.0000  167.3930
    4.0000    3.0000  167.3930
    4.0000    3.0000  167.3930
    4.0000    3.0000  167.3930
    4.0000    3.0000  167.3930
    4.0000    3.0000  167.3930
    4.0000    3.0000  167.3930
    4.0000    3.0000  167.3930
    4.0000    3.0000  167.3930


Survivors =

    4.0000    3.0000  167.3930
    4.0000    3.0000  167.3930
    4.0000    3.0000  167.3930
    4.0000    3.0000  167.3930
    4.0000    3.0000  167.3930
    4.0000    3.0000  167.3930


Children =

    4.0000    3.0000  167.3930
    4.0000    3.0000  167.3930
    4.0000    3.0000  167.3930
    4.0000    3.0000  167.3930
    4.0000    3.0000  167.3930
    4.0000    3.0000  167.3930
    4.0000    3.0000  167.3930
    4.0000    3.0000  167.3930
    4.0000    3.0000  167.3930
    4.0000    3.0000  167.3930
    4.0000    3.0000  167.3930
    4.0000    3.0000  167.3930
    4.0000    3.0000  167.3930
    4.0000    3.0000  167.3930
    4.0000    3.0000  167.3930


lastgeneration =

    4.0000    3.0000  167.3930
    4.0000    3.0000  167.3930
    4.0000    3.0000  167.3930
    4.0000    3.0000  167.3930
    4.0000    3.0000  167.3930
    4.0000    3.0000  167.3930
    4.0000    3.0000  167.3930
    4.0000    3.0000  167.3930
    4.0000    3.0000  167.3930
    4.0000    3.0000  167.3930
    4.0000    3.0000  167.3930
    4.0000    3.0000  167.3930
    4.0000    3.0000  167.3930
    4.0000    3.0000  167.3930
    4.0000    3.0000  167.3930
    4.0000    3.0000  167.3930
    4.0000    3.0000  167.3930
    4.0000    3.0000  167.3930
    4.0000    3.0000  167.3930
    4.0000    3.0000  167.3930
    4.0000    3.0000  167.3930
    4.0000    3.0000  167.3930
    4.0000    3.0000  167.3930
    4.0000    3.0000  167.3930
    4.0000    3.0000  167.3930
    4.0000    3.0000  167.3930
    4.0000    3.0000  167.3930
    4.0000    3.0000  167.3930
    4.0000    3.0000  167.3930
    4.0000    3.0000  167.3930
    4.0000    3.0000  167.3930
    4.0000    3.0000  167.3930
    4.0000    3.0000  167.3930
    4.0000    3.0000  167.3930
    4.0000    3.0000  167.3930
    4.0000    3.0000  167.3930
    4.0000    3.0000  167.3930
